54386 7014 65057
25913 7013 54984
7013 25913 54984
7014 54386 65057
26277 7013 25913
65057 25913 7014
22794 9939 10250
9939 4116 1198
4116 9939 1198
9775 26093 84305
1739 55327 8573
55327 143098 51678
143098 55327 8573
2187 7059 55120
80233 55120 375444
55120 80233 375444
1017 890 1163
898 1017 6502
1027 1017 1163
3987 6251 5829
55742 3611 64098
3611 55742 3987
79954 8886 51491
26574 22907 51491
25983 57050 54914
8518 55140
55250 8518
55140 8518
7469 7936 51497
7936 7469 51497
25920 7936 51497
51497 25920 7469
55330 84062 23557
26258 84062 23557
2647 84062 23557
8563 84321 126526
84321 8563 126526
7919 9984 388115
9984 79228 8563
79228 8563 126526
57187 9984 55153
80145 8563 84321
6429 9343 79954
6430 10250 55661
6431 11338 55153
27241 1915 6164
55212 54585 5036
583 54585 5036
51659 64785 84296
9837 51659 56934
64785 84296 56934
84296 64785 56934
51138 8533 122769
9318 10980 122769
10920 10980 122769
10987 9318 122769
10980 8533 122769
50813 10980 122769
2873 10980 122769
8533 10980 122769
55759 11137 3024
23246 23481 3024
55661 117246 51491
23481 1736 3024
79768 11104
10300 11104
11104 79768
64400 84067 29911
51361 64400 29911
29911 64400 84067
84376 64400 84067
84067 64400 84376
284058 84148 9757
55167 84148 151507
84148 284058 9757
339287 10943 9757
10943 84148 473
6184 201595 84061
201595 6184 84061
6185 1650 84061
1650 6184 84061
84061 1650 6185
890 1017 1163
983 891 9088
10419 79084 83732
79084 10419 83732
1207 10419 83732
86 6599 79718
6598 6599 79718
6599 6598 79718
6601 6605 79718
4683 203259 4361
4361 10111 4683
10111 4361 4683
84313 11267
11267 84313
51028 84313
9325 51008
10973 84164
51008 9325
84164 10973
4172 4171 10735
4175 4172 79892
4174 4176 55388
4171 4172 10735
4173 4172 79892
4176 4172 79892
9978 8451 64708
8454 9978 8451
55832 1983 3843
54881 27043 6157
81887 54881 5036
26168 27043 5036
79707 57418 4350
27043 54881 6157
57418 27043 5036
4299 4298 80237
22936 27125 80237
4300 4298 80237
80237 85403 10208
905 1025 4300
8178 85403 79664
1025 904 4300
904 1025 4300
27125 4298 4300
85403 80237 10208
4298 27125 4300
5201 10471 9060
5202 81572 84823
7411 5204 5201
10471 5204 5202
5203 10471 5202
5204 10471 5202
5984 5985 6164
5982 5985 6164
5983 5985 6164
5111 9768 6159
5981 5985 5036
5985 5983 6164
51295 51103 4720
51103 51295 4720
4722 4728 4731
3980 7515 7518
7515 3980 7518
11284 5423 7520
5423 3980 7518
6152 9349 6157
6164 6203 6157
6142 6222 6157
6157 9349 3024
9349 6230 6157
9045 6210 6157
11224 9349 6157
6167 6168 6157
6124 6194 6157
6165 6142 6157
6141 6222 6157
6137 9349 6157
6158 6137 6164
6138 9349 55153
6154 6203 55153
6175 9349 6157
6132 6222 6157
6133 9349 6157
6161 6187 6157
6181 6207 498
6128 9349 6157
6125 9045 6157
4736 6228 6157
6143 6187 6157
6159 6134 6157
6176 9349 6157
6155 6228 6157
6160 6217 6157
6134 9349 6157
6156 9349 6157
23521 6194 55153
6147 6228 6157
6144 9349 6157
6139 23560 6327
6168 6222 6157
6130 9349 6157
6173 6154 3024
7311 6152 6164
6170 6203 6157
6122 9045 6157
6135 9349 6157
6129 6228 6157
6169 6189 6157
6146 6194 6157
25873 9349 6157
6136 9349 6157
2776 2782 2771
2782 2767 1969
2767 2782 1969
57405 147841 11130
83540 147841 11243
10403 147841 11130
147841 57405 11130
9735 9183 9675
9183 60561 9675
55055 9183 9675
10989 10651 7416
84303 10651 7416
54927 10651 11331
7507 2067 84464
2072 2067 7507
2067 2072 7507
55193 29117 23506
6605 6601 79718
6595 6599 79718
196528 6602 79718
8289 6605 79718
6603 6598 79718
6597 6599 79718
6602 6599 79718
23649 5557 54107
5558 5557 54107
5422 23649 6594
5557 23649 54107
5530 1827 5533
5532 11123 5533
1827 5533 11123
6118 6117 7019
6119 6117 57142
6117 6119 4331
10592 54892 10051
10051 29781 23310
29781 54892 10051
54892 29781 10051
23310 29781 10051
1793 9844 1398
9844 63916 9732
1398 1793 1795
23118 138199 163859
10454 6885 163859
6885 138199 163859
51013 23404 54512
51010 54512 23404
56915 11340 54512
54512 23404 56915
23404 54512 56915
115752 51010 54512
10200 11340 56915
23016 10200 56915
11340 10200 56915
22894 23404 51010
5394 51010 54512
5393 51013 54512
118460 23404 56915
3421 3419 528
3419 3421 528
3420 3419 4191
55746 348995 7329
4928 348995 7329
57122 348995 23279
23279 79902 7329
51692 55339 53981
53981 51692 55339
10898 53981 55339
29894 51692 53981
7520 5591 286257
2547 5591 3980
5591 7520 3980
55752 23157 346288
989 151011 23176
4735 10801 23176
10801 4735 23176
23176 151011 55752
79075 54921 4193
63922 162466 4193
54921 79075 4193
8673 9482 8774
9341 134957 6811
8773 9570 8774
